0.419897
0.440746
0.245154
0.216484
0.164563
0.149243
0.151488
0.120005
0.172010
0.143309
0.116004
0.136832
0.089085
0.133294
0.179183
0.117759
0.143758
0.075399
0.118780
0.274290
0.096134
0.128486
0.099381
0.065945
0.095773
0.096761
0.131571
0.086384
0.075380
0.076212
0.075960
0.096056
0.129614
0.090648
0.125945
0.082968
0.097374
0.095926
0.091584
0.153941
0.069657
0.091383
0.070696
0.066191
0.081964
0.060456
0.071063
0.076194
0.073727
0.095944
0.075384
0.121161
0.049717
0.063621
0.071697
0.099404
0.049440
0.073634
0.096266
0.056581
0.096635
0.074368
0.065232
0.072738
0.092173
0.082759
0.077551
0.095216
0.069795
0.069732
0.059226
0.097738
0.046882
0.110492
0.098797
0.059068
0.072925
0.084214
0.051483
0.071632
0.071703
0.070608
0.117086
0.085495
0.050419
0.058148
0.045454
0.056485
0.065915
0.077392
0.087818
0.030263
0.086523
0.081622
0.067863
0.053354
0.085702
0.066158
0.057313
0.106231
0.035077
0.038099
0.065240
0.063123
0.076926
0.062249
0.087890
0.059896
0.079699
0.078793
0.067491
0.053210
0.056192
0.084440
0.069334
0.067507
0.065969
0.081630
0.061293
0.059408
0.070610
0.089846
0.048175
0.053288
0.068274
0.163895
0.057728
0.130513
0.059127
0.051838
0.070485
0.059000
0.082785
0.063988
0.076458
0.079213
0.045508
0.057561
0.060703
0.050038
0.078465
0.058700
0.074003
0.084081
0.041448
0.044765
0.062110
0.061062
0.105082
0.089993
0.030770
0.049912
0.048629
0.059786
0.057190
0.055253
0.067885
0.058987
0.088683
0.066826
0.026012
0.060827
0.048848
0.062043
0.039608
0.080122
0.055624
0.062392
0.074032
0.066350
0.044825
0.097567
0.061359
0.027881
0.022945
0.052794
0.046653
0.043561
0.054745
0.051811
0.067930
0.059893
0.036444
0.051189
0.061419
0.030683
0.083077
0.063569
0.073152
0.055877
0.046633
0.103542
0.063162
0.062115
0.083904
0.080218
0.039522
0.100367
0.076104
0.055261
0.032985
0.050911
0.077466
0.076821
0.039548
0.062801
0.070333
0.048705
0.073189
0.061151
0.048193
0.062160
0.057653
0.087242
0.052217
0.074684
0.036680
0.051481
0.038001
0.075508
0.088933
0.059598
0.064953
0.108237
0.050023
0.075627
0.040331
0.081828
0.045966
0.046458
0.031016
0.092303
0.067685
0.057918
0.040093
0.043620
0.082303
0.068558
0.032860
0.057803
0.040134
0.057167
0.085937
0.054431
0.034162
0.064680
0.066960
0.049587
0.043458
0.076633
0.077166
0.057922
0.094588
0.066863
0.157609
0.062570
0.060958
0.088018
0.054587
0.065878
0.090866
0.057787
0.062402
0.041525
0.051352
0.070189
0.069084
0.090302
0.064618
0.042830
0.061765
0.042860
0.106033
0.091971
0.077026
0.080253
0.100967
0.043161
0.063377
0.042050
0.046412
0.082820
0.072270
0.074265
0.066359
0.063173
0.048370
0.116739
0.042355
0.080129
0.080602
0.027941
0.065188
0.030791
0.076900
0.041638
0.061781
0.075150
0.076549
0.049891
0.074069
0.038189
0.051161
0.075210
0.084456
0.050168
0.055470
0.058750
0.070182
0.032069
0.066670
0.045369
0.057893
0.042718
0.101765
0.040655
0.031428
0.054509
0.050888
0.044584
0.050280
0.059693
0.069680
0.076904
0.064034
0.031269
0.044181
0.058085
0.067395
0.106540
0.053495
0.050757
0.039501
0.053117
0.058290
0.045822
0.066419
0.061918
0.060338
0.055231
0.066762
0.050650
0.071196
0.049226
0.041738
0.064808
0.066146
0.092594
0.048044
0.076421
0.051654
0.060853
0.103599
0.084351
0.068556
0.050643
0.044466
0.092784
0.053061
0.029999
0.061325
0.068419
0.088543
0.055363
0.042153
0.048469
0.087548
0.062693
0.042468
0.099008
0.049253
0.049659
0.047036
0.074182
0.053147
0.037920
0.090746
0.042923
0.050603
0.127601
0.047645
0.058150
0.071799
0.050202
0.033965
0.041344
0.037119
0.049458
0.156202
0.088577
0.047674
0.077992
0.043094
0.043189
0.096704
0.072744
0.038209
0.073245
0.071221
0.068553
0.092588
0.098158
0.041752
0.047400
0.046573
0.072688
0.036621
0.058953
0.031538
0.053854
0.074574
0.056342
0.030786
0.057198
0.047533
0.089086
0.041157
0.081270
0.071386
0.040781
0.040666
0.101937
0.061279
0.058021
0.057274
0.062360
0.047580
0.061669
0.047341
0.065950
0.052310
0.062296
0.082439
0.031851
0.037853
0.080913
0.051215
0.064606
0.046556
0.029705
0.049413
0.050025
0.069213
0.127422
0.061768
0.107275
0.057216
0.040098
0.038146
0.099517
0.056680
0.072183
0.041930
0.077788
0.067460
0.041996
0.055605
0.054857
0.028168
0.057645
0.050902
0.052081
0.022938
0.055166
0.048423
0.041359
0.058525
0.060342
0.063313
0.065088
0.079073
0.080316
0.057601
0.054614
0.039666
0.082042
0.056598
0.028275
0.030489
0.044027
0.070697
0.050025
0.037268
0.038192
0.059056
0.049657
0.051007
0.052172
0.043566
0.047511
0.085904
0.034757
0.053574
0.093520
0.045983
0.060119
0.055076
0.085203
0.058886
0.045388
0.044840
0.069256
0.055538
0.056458
0.067749
0.055551
0.062856
0.044649
0.047641
0.066314
0.045509
0.049941
0.040683
0.071337
0.031545
0.062646
0.105949
0.040678
0.051501
0.078849
0.031633
0.049692
0.071075
0.094848
0.077433
0.042120
0.049747
0.035465
0.056347
0.068832
0.106411
0.078442
0.039134
0.044111
0.083758
0.029810
0.034535
0.061170
0.040142
0.047819
0.063473
0.050004
0.059754
0.048014
0.057281
0.067018
0.041725
0.066001
0.046875
0.065107
0.133118
0.041808
0.049530
0.042028
0.076693
0.037462
0.056659
0.060701
0.054628
0.053219
0.073514
0.071397
0.045137
0.038024
0.043465
0.045267
0.033337
0.071992
0.050504
0.035523
0.050428
0.032082
0.066285
0.083691
0.041173
0.065266
0.038507
0.060073
0.053302
0.041776
0.051251
0.075415
0.038788
0.058707
0.061638
0.078481
0.057006
0.051415
0.033593
0.039629
0.056584
0.052492
0.126319
0.061981
0.048845
0.056347
0.056670
0.128877
0.089307
0.090278
0.061729
0.055668
0.049896
0.058191
0.042933
0.054916
0.055326
0.054788
0.047412
0.016283
0.044998
0.041076
0.065689
0.053150
0.068197
0.029520
0.058533
0.048426
0.060485
0.027704
0.070365
0.050769
0.091241
0.048574
0.042855
0.045657
0.054436
0.081398
0.035557
0.052751
0.067898
0.074750
0.107103
0.053892
0.064221
0.045537
0.038729
0.042996
0.032293
0.039644
0.045182
0.038158
0.051102
0.067023
0.056484
0.032707
0.048809
0.054353
0.041867
0.056794
0.078503
0.141486
0.059649
0.058164
0.056935
0.046366
0.069182
0.049766
0.062298
0.130039
0.061062
0.025748
0.053533
0.036199
0.108946
0.054819
0.073081
0.077088
0.020813
0.061399
0.058507
0.041497
0.060039
0.044048
0.047268
0.061477
0.038144
0.038864
0.041813
0.069511
0.023392
0.047122
0.054193
0.078474
0.045197
0.067822
0.078605
0.045869
0.053524
0.077527
0.070316
0.039903
0.038152
0.027636
0.057936
0.041874
0.062500
0.046273
0.038879
0.038243
0.039375
0.046887
0.055209
0.066755
0.102879
0.043304
0.064982
0.057204
0.043823
0.049825
0.065834
0.078824
0.050883
0.040687
0.046277
0.051274
0.085621
0.046890
0.042165
0.066629
0.083102
0.058907
0.074944
0.041860
0.070470
0.114107
0.067222
0.057208
0.076530
0.048589
0.076711
0.063672
0.066006
0.031252
0.044214
0.040318
0.059971
0.060359
0.071759
0.045728
0.077171
0.034127
0.039773
0.062777
0.087840
0.056728
0.072244
0.056032
0.050511
0.073697
0.036449
0.035806
0.033252
0.022493
0.051583
0.047507
0.035695
0.067560
0.051949
0.042537
0.062018
0.027946
0.039783
0.050732
0.044475
0.060224
0.046627
0.080097
0.053481
0.043912
0.023108
0.027118
0.042820
0.041199
0.036404
0.050919
0.044521
0.043406
0.030512
0.047689
0.041993
0.039552
0.024681
0.034732
0.054966
0.060106
0.082595
0.042570
0.046767
0.045310
0.093459
0.033688
0.062575
0.060678
0.064260
0.046615
0.057318
0.045176
0.071497
0.061222
