0.661364
0.796760
0.827624
0.852877
0.867647
0.869460
0.880542
0.882091
0.890875
0.885731
0.882055
0.892573
0.892145
0.895291
0.899373
0.899123
0.902392
0.903035
0.903774
0.904521
0.904087
0.911398
0.910777
0.914136
0.915872
0.914580
0.916332
0.915912
0.915021
0.915132
0.916843
0.917145
0.918556
0.914465
0.916412
0.918177
0.918615
0.919261
0.920801
0.920098
0.918516
0.924160
0.922927
0.922629
0.923685
0.925117
0.924875
0.926110
0.926146
0.925103
0.925724
0.926465
0.923939
0.925176
0.926517
0.926088
0.925715
0.927244
0.927350
0.927106
0.926914
0.927363
0.928397
0.928000
0.928582
0.930174
0.927878
0.930386
0.929291
0.929061
0.929966
0.931002
0.929294
0.930488
0.928095
0.928858
0.928564
0.931165
0.928542
0.930476
0.930377
0.931784
0.930515
0.930152
0.929416
0.931939
0.932258
0.931377
0.931466
0.931292
0.932904
0.930969
0.932450
0.932547
0.932624
0.933095
0.932836
0.933387
0.932199
0.932967
0.932913
0.932644
0.932441
0.933220
0.933865
0.933351
0.933075
0.932811
0.933987
0.933689
0.933050
0.933247
0.933727
0.933770
0.933985
0.933969
0.934432
0.934360
0.933175
0.933538
0.934032
0.933545
0.933895
0.934473
0.934893
0.933691
0.933497
0.933766
0.934748
0.934877
0.934391
0.934493
0.933709
0.934297
0.934093
0.934244
0.934373
0.934556
0.934823
0.934714
0.934840
0.934841
0.934906
0.934123
0.934373
0.934856
0.934249
0.934315
0.934199
0.934875
0.934463
0.934490
0.934705
0.935032
0.935193
0.934945
0.934709
0.934533
0.935086
0.934691
0.934254
0.935019
0.935498
0.934814
0.934861
0.934552
0.935080
0.934581
0.934971
0.934712
0.934732
0.935540
0.935328
0.935026
0.934859
0.935154
0.934890
0.935014
0.935527
0.935007
0.934843
0.935427
0.935037
0.934646
0.934908
0.934856
0.934768
0.934265
0.935206
0.935427
0.935339
0.935454
0.935506
0.934868
0.934691
0.935084
0.934599
0.935147
0.934929
0.934942
0.934558
0.934980
0.935086
0.934694
0.934981
0.935001
0.935012
0.935547
0.934994
0.935217
0.934838
0.934843
0.934674
0.934990
0.935764
0.935470
0.935471
0.935340
0.936048
0.936006
0.935427
0.935470
0.934658
0.934764
0.935585
0.935326
0.936010
0.934976
0.934716
0.934617
0.935552
0.935319
0.935340
0.935238
0.935550
0.935468
0.935531
0.936251
0.935759
0.935917
0.935366
0.935913
0.935520
0.935297
0.935263
0.935750
0.936197
0.935857
0.935926
0.935497
0.934495
0.935206
0.935486
0.934867
0.934561
0.935841
0.935218
0.934992
0.935847
0.935811
0.935375
0.935396
0.935540
0.935400
0.935743
0.935944
0.935595
0.935795
0.935637
0.936094
0.935723
0.935233
0.934965
0.936012
0.935366
0.935980
0.935861
0.934554
0.934920
0.935795
0.935827
0.935705
0.935576
0.935240
0.935595
0.935651
0.935655
0.935710
0.935687
0.935708
0.936057
0.935836
0.936355
0.936121
0.935983
0.935786
0.936130
0.935599
0.935509
0.935854
0.935942
0.935608
0.935606
0.936367
0.935915
0.935741
0.935321
0.936182
0.935890
0.936112
0.936267
0.935689
0.936570
0.936922
0.936053
0.936285
0.936340
0.936270
0.936100
0.936459
0.936294
0.935972
0.936084
0.935739
0.935667
0.936423
0.936532
0.936590
0.936060
0.936976
0.936145
0.936236
0.936746
0.936646
0.935857
0.935839
0.936523
0.935931
0.935778
0.935509
0.936075
0.936324
0.936200
0.936173
0.936136
0.936532
0.936619
0.936369
0.936369
0.935999
0.936227
0.937125
0.936356
0.935416
0.935809
0.936017
0.936008
0.936593
0.936159
0.936247
0.936687
0.936536
0.936791
0.936732
0.936549
0.936979
0.935872
0.936121
0.936421
0.936319
0.936683
0.936044
0.936342
0.936251
0.936497
0.935881
0.936383
0.936509
0.936545
0.936423
0.936243
0.936202
0.937021
0.936423
0.936182
0.936832
0.936545
0.936654
0.936396
0.936252
0.936012
0.936069
0.936654
0.936890
0.935854
0.936511
0.936617
0.936418
0.936667
0.936818
0.936904
0.936886
0.936355
0.936791
0.936742
0.936602
0.937134
0.937204
0.936732
0.937216
0.937037
0.936737
0.936839
0.936825
0.937249
0.936680
0.936540
0.936398
0.936561
0.937171
0.937071
0.936906
0.936830
0.936202
0.936592
0.936593
0.937715
0.937595
0.936579
0.936698
0.936606
0.935938
0.936978
0.936927
0.936884
0.937263
0.937525
0.937087
0.936757
0.937096
0.937389
0.936617
0.937416
0.937448
0.936716
0.936757
0.936608
0.936760
0.936610
0.936899
0.937911
0.937513
0.936559
0.936897
0.937277
0.937550
0.937259
0.937884
0.937873
0.937006
0.937028
0.937732
0.937428
0.937270
0.937383
0.937464
0.937545
0.937159
0.936294
0.936922
0.936992
0.937505
0.937688
0.936936
0.936768
0.937261
0.937046
0.936773
0.937473
0.937240
0.937121
0.937227
0.937504
0.937078
0.937631
0.937383
0.936927
0.937155
0.937453
0.937075
0.936843
0.937814
0.937807
0.936816
0.937064
0.937076
0.937346
0.938227
0.937721
0.937177
0.937958
0.937297
0.937380
0.937313
0.937444
0.937040
0.937154
0.937256
0.937014
0.937312
0.937595
0.937489
0.937385
0.937715
0.937592
0.937118
0.937701
0.936882
0.936926
0.937267
0.937270
0.937452
0.937642
0.937154
0.937471
0.937618
0.937270
0.937548
0.937627
0.937331
0.937261
0.936899
0.937218
0.937870
0.937118
0.937110
0.937292
0.937976
0.937285
0.937464
0.937726
0.937557
0.937925
0.937662
0.937116
0.937227
0.937624
0.937963
0.937710
0.937498
0.937017
0.937076
0.937189
0.937466
0.937602
0.936759
0.937362
0.937333
0.937518
0.937737
0.937265
0.937809
0.937347
0.938078
0.937606
0.937324
0.937787
0.938010
0.937897
0.937602
0.937651
0.937448
0.937263
0.937364
0.937859
0.937881
0.938008
0.937333
0.938031
0.937696
0.937608
0.937426
0.937800
0.937708
0.937629
0.937513
0.937897
0.937870
0.938205
0.937899
0.937690
0.938128
0.937784
0.937624
0.937584
0.938148
0.937969
0.937654
0.937687
0.936716
0.936927
0.937574
0.937778
0.937778
0.937250
0.938889
0.937909
0.937649
0.938143
0.937665
0.937839
0.937690
0.938414
0.937249
0.937662
0.937837
0.937812
0.937613
0.938105
0.937814
0.937434
0.938001
0.937848
0.937096
0.937500
0.938031
0.937708
0.938096
0.937674
0.937417
0.938186
0.938049
0.938457
0.937301
0.937811
0.938520
0.938051
0.938134
0.937845
0.938249
0.937920
0.938175
0.937696
0.937532
0.938207
0.937690
0.937859
0.938103
0.937566
0.938046
0.938471
0.937671
0.937590
0.937532
0.937728
0.937961
0.938008
0.938205
0.937726
0.937803
0.938101
0.938191
0.938854
0.938502
0.938064
0.937705
0.938091
0.937638
0.937759
0.937739
0.938292
0.938096
0.937820
0.938448
0.938121
0.938012
0.938800
0.938022
0.938259
0.938728
0.938629
0.938205
0.938265
0.938135
0.938574
0.938401
0.938315
0.938008
0.938319
0.938439
0.938254
0.938347
0.937818
0.938267
0.938503
0.938209
0.938981
0.938249
0.938636
0.938509
0.938647
0.938173
0.937940
0.938870
0.938516
0.938031
0.938678
0.938940
0.937606
0.938764
0.938581
0.938493
0.938150
0.939031
0.938428
0.938577
0.938780
0.938132
0.939058
0.938448
0.938401
0.938478
0.938775
0.938385
0.938328
0.937994
0.938030
0.938249
0.938362
0.938292
0.937911
0.938529
0.938428
0.938523
0.938776
0.938760
0.938588
0.938514
0.938950
0.938552
0.939012
0.938324
0.938582
0.938390
0.938408
0.937873
0.937872
0.937915
0.938243
0.938455
0.938283
0.938144
0.938216
0.938267
0.938803
0.938981
0.939056
0.938963
0.938782
0.938823
0.938651
0.939302
0.938726
0.938974
0.938326
0.938627
0.938304
0.937895
0.938766
0.938214
0.937969
0.938868
0.938846
0.938920
0.939462
0.938353
0.938814
0.938742
0.939157
0.938410
0.938884
0.938924
0.939116
0.939126
0.939177
0.938943
0.939053
0.938863
0.938433
0.938828
0.938976
0.938392
0.938222
0.938936
0.939231
0.938505
0.938444
0.939223
0.939204
0.939421
